Piece Value GA Results0 1 2 3 4 5 6 7 8 9 10 11 12 13 14 15 16 17 18 19 20 21 22 23 24 25 26 27 28 29 30 31 32 33 34 35 36 37 38 39 40 41 42 43 44 45 46 47 48 49 50 51 52 53 54 55 56 57 58 59 60 61 62 63 ==================================================
Generation 0 Results
==================================================
    84    336    530    323    520
   218    258    121    395    534
   210    327    321     84    449
   120    296    163    504    511
   167    317    210    218    407
   192    189     75    251    442
   295    261    383    474    202
    75    485    315    259    501
   160    391    479    366    277
   163    272    352    353     80
   450    257    500    529    522
   158    239    188    210    434
   374    457    523    470    358
   152    330    168     96    367
   420    380    282    456    252
    79    359    232    443    232
   124    206     99    315    229
   206    214    534    391     68
   136    378    227    486    164
   155    246    398     50    439
   468    421    509    366    283
   103    414    445     96    254
    58    441    303    311     67
    96    338    420    276    266
   302    502    308    121    277
   225    502    379    372     64
   222    509     55    308    244
   525    490    240    485    426
   315    276    285    428    305
   312    462    503    485    133
   308    549     94    471    322
   500    425    511    419    303
   305    144    329    201    548
   242    526     97    537    366
   281    449    201    540    192
   213    545    148    196    378
   300    390    286    345     83
    90    312     64    175    401
   153    128    538    398    408
    83    463    483    488    364
   419    439    320    497    296
   399    458    242    511    287
   210     96    456    398    245
   242     69    206    550     99
   172    374     93     83    251
    55    518    422    214     90
   423    284    388    460     83
   537    517    296    254    450
   413    519    216     58    375
   410    510     84    496    102
   332    446    111    194    412
   420    269    226    410     74
   158    488    336    111     93
   531    327    358    332     52
   495    265    262    234     89
   484    307    174    504    154
   539    147    141    376    373
   283    297    222    255    316
   149    523    346     59    284
   524    491    152    345     66
   407    295    537    201    374
   524    158    178    352    377
   544    101    214     50    467
   459    396    275     63    180
==================================================
The Next Generation:
==================================================
   315    276    285    428    305
   218    258    141    410    534
   305    144    348    207    548
   153    128    538    315    408
    96    338    420    276    266
   281    449    201    540    226
   172    330     93     71    251
   302    627    247    121    277
    79    359    232    443    232
   213    374     93     83    251
   136    378    227    486    164
   206    214    534    391     68
   218     69    206    550     99
   222    509     55    308    244
    58    441    303    311     67
    79    359    232    443    186
   347    257    500    529    522
   420    282    226    410     74
   500    425    511    369    303
   131    224    352    332     66
    58    441    303    311     67
   103    361    334     96    304
   153    128    538    398    343
    84    336    515    323    520
   420    380    282    456    252
   281    346    229    540    146
   413    539    216     58    330
   167    317    210    218    488
   136    378    227    375    164
   278    620     94    471    322
   308    549     94    471    322
   302    502    314    121    277
   483    490    271    485    426
   153    140    538    398    424
   495    265    262    234     89
   119    303    205    500    123
   452    457    466    470    361
   167    317    198    199    407
   525    490    240    533    481
   537    646    296    254    378
   206    214    635    333     68
    64    441    303    311     67
    92    351    420    276    266
   167    317    210    218    407
   300    390    286    345     83
   225    502    379    372     64
   484    307    174    504    141
   125    330    168     96    342
   163    272    352    353     80
   320    549     94    471    322
    58    441    303    311     67
    84    336    530    323    520
   210    282    321     84    409
   163    272    352    353     80
   290    592     79    560    322
   173    258    121    395    534
   218    258    121    395    534
   167    317    210    218    407
   103    414    445     96    254
   218    258    121    406    534
   158    239    188    210    434
   160    391    479    366    277
   216    258    121    305    534
   420    380    284    456    252
Current Champion (0):
    84    336    530    323    520
Longest Game: 298
==================================================
0 1 2 3 4 5 6 7 8 9 10 11 12 13 14 15 16 17 18 19 20 21 22 23 24 25 26 27 28 29 30 31 32 33 34 35 36 37 38 39 40 41 42 43 