Piece Value GA Results0 1 2 3 4 5 6 7 8 9 10 11 12 13 14 15 16 17 18 19 20 21 22 23 24 25 26 27 28 29 30 31 32 33 34 35 36 37 38 39 40 41 42 43 44 45 46 47 48 49 50 51 52 53 54 55 56 57 58 59 60 61 62 63 ==================================================
Generation 0 Results
==================================================
    64    469    414    540     89
   127    278    271    441    352
   232    448    210    511    165
   110     91    267    163    504
   121    516    188    334     81
    82    397    249    108    462
   141    312    108    407    348
   111    387    212    518    192
   438    260    471    318    432
   171    273    454    109    497
   305    102    188    253    406
   381    429    499    545    542
   417    428    170    406    469
   129    161    543    193    147
    56    173    225    171    455
   283    453    158    232    316
   147    516    315    290    101
    73     92    516    193    547
   290    320    513    380    461
   408     93    150    422    450
   185    452    172    506    288
   355    549    289    459    484
   402    337    425    135    451
   273    283    505    268    185
   320    443    231    415    368
   466    322    516    488    468
    99    505    313    108    353
   458    307    525    295    458
   181    229    275     85    250
   270     57    270    466    103
   209    364    359     82    320
   175    120    123    549    201
   163    343    452    508    476
   392    510     95    467    210
   349    177    129    431    399
   281    515    431    142     89
   225    228    137    298     67
    85    201    461    536     53
   346     59    422    294    191
   185    287    107    214    105
   526    436    375    264    241
   110    277    420     83    116
    82    445    308    215     76
   386    525    429    147    359
   279    329    518    162    121
   298    337    384    209    320
   444    456    364    513    179
   482    402    107    185    449
   335    229    157    239    421
   536    184    467    442     59
   492    196    193    263    160
   215    504    238    159     64
   139    231    521     65    236
   307     70    513    166    301
   476    465    339    350     66
   520    343    120    209    401
   452    212    372    127    339
   405    224    386     72     90
   435     84    469    272     50
   363    345    405     98    210
   423    397    470    115     97
   522    194     96    444     65
   543    249    454    121     81
   517    208     60    339    160
==================================================
The Next Generation:
==================================================
   245    515    363    142    105
   225    228    137    298     53
   434    260    471    387    432
   482    478    107    207    449
   381    471    499    545    569
   185    287    107    214    105
   392    449     95    467    210
   212    448    210    511    124
   110     91    267    163    504
   281    515    431    142     89
    85    201    461    536     53
   283    453    158    241    316
   127    278    271    441    352
   110     91    267    163    504
   536    184    467    442     59
   212    448    210    511    165
   171    273    454    109    497
   185    452    172    506    288
   129    161    543    193    147
   185    452    172    506    288
    82    397    249    108    462
   129    161    543    193    118
   529    260    471    318    432
   605    184    467    442     59
   386    525    429    147    359
    87     91    267    163    504
   236    448    210    491    165
   408     93    150    385    450
   116    505    313    108    353
   175    120    123    549    201
   423    397    517    115     97
   119    516    188    334     81
   492    196    193    263    160
    85    221    461    536     53
    82    445    323    215     76
   349    177    129    431    399
   140    312    108    407    348
   307     77    513    166    301
   320    443    231    415    368
    96    397    293    108    462
   121    496    188    334     73
   510     93    150    422    450
   346     66    422    349    167
   102     91    267    163    504
   124    629    315    290    122
    85    201    520    536     53
   214    287    107    214    105
   171    273    549     89    497
   232    448    175    511    165
   381    531    499    545    542
    56    173    225    174    527
   232    448    210    511    165
   408     93    150    422    450
   444    456    364    513    179
   615    196    193    263    160
   349    177    145    478    399
   111    387    212    518    192
    69    397    249    108    545
   227    504    295    159     64
   141    312    114    468    421
    82    397    249    123    462
   417    428    170    406    376
   458    307    525    295    458
   438    291    579    318    432
Current Champion (0):
    64    469    414    540     89
==================================================
0 1 2 3 4 5 6 7 8 9 10 11 12 13 14 15 16 